{
 "cells": [
  {
   "cell_type": "markdown",
   "id": "3d7ddfc7-c068-499a-9553-cf601eb33ad0",
   "metadata": {},
   "source": [
    "## Transient vs QE baslines for estimating the impact of SAI, under the ARISE scenario in UKESM\n",
    "\n",
    "Author: Alistair Duffey\n",
    "\n",
    "alistair.duffey.21@ucl.ac.uk"
   ]
  },
  {
   "cell_type": "markdown",
   "id": "8148502a-b367-46d1-afa8-a8b3a0ed25c7",
   "metadata": {},
   "source": [
    "#### Inputs:\n",
    "1) a set of net cdf files containing maps of mean-state of a variable under some time-slice for each ensemble member and scenario, where in each case, the time slice is selected to match gmst during a corresponding window in another scenario. The two slices will have different rate of gmst change (here, R). \n",
    "2) a corresponding list of the values of R under each scenario and ensemble member. \n",
    "\n",
    "#### Outputs:\n",
    "1) An estimate of the pattern effect of anomaly in a given variable due to the rate of change of gmst, relative to the value of that variable at Quasi-equilibrium.\n",
    "2) Map of estimated changes under SAI (ARISE) at 1.5C with respect to a hypothetical QE baseline, contrasted with the same map as measured against the modelled, transient, 1.5C baseline.\n",
    "\n",
    "#### Limitations:\n",
    "1) no way to account for the dependence of anomaly on the absolute value of warming at the point of measuring the transient effect. Here we assume simple linear proportionality to the warming wrt pre-ind. "
   ]
  },
  {
   "cell_type": "code",
   "execution_count": 31,
   "id": "a67a3f3e-b609-437f-afe5-144a6f5a7125",
   "metadata": {},
   "outputs": [],
   "source": [
    "\n",
    "import os\n",
    "import glob\n",
    "import iris\n",
    "import pandas as pd\n",
    "import numpy as np\n",
    "import logging\n",
    "import esmvalcore.preprocessor\n",
    "import xarray as xr\n",
    "import xesmf as xe\n",
    "from tqdm import tqdm\n",
    "from xmip.preprocessing import rename_cmip6\n",
    "import matplotlib.pyplot as plt\n",
    "import dask\n",
    "from nc_processing import calc_spatial_mean\n",
    "from tqdm import tqdm\n",
    "import scipy.stats as stats\n",
    "\n",
    "import cartopy.feature as cfeature\n",
    "import cartopy.crs as ccrs\n",
    "import cartopy.mpl.ticker as cticker\n",
    "from cartopy.util import add_cyclic_point\n",
    "import seaborn as sns\n",
    "\n",
    "def read_in(dir, ocean = False):\n",
    "    files = []\n",
    "    for x in os.listdir(dir):\n",
    "        files.append(dir + x)\n",
    "    with dask.config.set(**{'array.slicing.split_large_chunks': True}):\n",
    "        ds = rename_cmip6(xr.open_mfdataset(files, use_cftime=True, engine='netcdf4'))\n",
    "    return ds\n",
    "\n",
    "def read_in_ens_mean(dirs, ocean = False):\n",
    "    \"\"\" returns (1) the ensemble mean dataset, and (2) the number of ensemble members \"\"\"\n",
    "    \n",
    "    files = []\n",
    "    for dir in dirs:\n",
    "        for x in os.listdir(dir):\n",
    "            if '.nc' in x:\n",
    "                files.append(dir + x)\n",
    "    with dask.config.set(**{'array.slicing.split_large_chunks': True}):\n",
    "        ds = rename_cmip6(xr.open_mfdataset(files, use_cftime=True, concat_dim='ensemble',combine='nested'))\n",
    "        n_ens = len(ds.ensemble) \n",
    "        ds = ds.mean(dim='ensemble')\n",
    "        ds['number_ens_mems_meaned'] = n_ens\n",
    "    return ds, n_ens\n",
    "\n",
    "def get_gmst(ds):\n",
    "    return calc_spatial_mean(ds.tas.mean(dim=\"time\"), lon_name=\"x\", lat_name=\"y\").values\n"
   ]
  },
  {
   "cell_type": "code",
   "execution_count": 2,
   "id": "f2cd5e71-10d9-493e-8d79-057a0a61af70",
   "metadata": {},
   "outputs": [],
   "source": [
    "### set options\n",
    "var = 'tas'\n",
    "base_scen = 'ssp126'\n",
    "make_abs_temp_correction = False # if True we assume the that d(var)/d(R) is proportional to gmst above pre-ind\n",
    "\n",
    "\n",
    "### constants\n",
    "var_unit_conversions = {'pr':86400, #kgm-2s-1 to mm/day\n",
    "                        'tas':1}\n",
    "units = {'pr':'mm/day', 'tas':'°C'}[var]\n"
   ]
  },
  {
   "cell_type": "code",
   "execution_count": 3,
   "id": "579ec6f8-34a8-4360-a665-bd9fe87f855a",
   "metadata": {},
   "outputs": [],
   "source": [
    "### read in data with pre-saved values of warming through the window\n",
    "windows_df = pd.read_csv('int_outs_ssps/windows_df.csv')\n",
    "windows_df = windows_df[windows_df['Model']=='UKESM1-0-LL']"
   ]
  },
  {
   "cell_type": "code",
   "execution_count": null,
   "id": "7c64ba32-01d5-4836-89c5-d618ba451390",
   "metadata": {},
   "outputs": [],
   "source": []
  },
  {
   "cell_type": "code",
   "execution_count": 4,
   "id": "8a7d3c1c-66b9-4e68-bef7-5fdcef251434",
   "metadata": {},
   "outputs": [
    {
     "name": "stderr",
     "output_type": "stream",
     "text": [
      "/tmp/ipykernel_766/3485795248.py:13: UserWarning: Boolean Series key will be reindexed to match DataFrame index.\n",
      "  R = (windows_df[windows_df['Scenario']==exp][windows_df['Ensemble_member']==str(ds.Ensemble_member.values)]['T_gradient']).values[0]\n",
      "/tmp/ipykernel_766/3485795248.py:13: UserWarning: Boolean Series key will be reindexed to match DataFrame index.\n",
      "  R = (windows_df[windows_df['Scenario']==exp][windows_df['Ensemble_member']==str(ds.Ensemble_member.values)]['T_gradient']).values[0]\n",
      "/tmp/ipykernel_766/3485795248.py:13: UserWarning: Boolean Series key will be reindexed to match DataFrame index.\n",
      "  R = (windows_df[windows_df['Scenario']==exp][windows_df['Ensemble_member']==str(ds.Ensemble_member.values)]['T_gradient']).values[0]\n"
     ]
    }
   ],
   "source": [
    "### make datasets with all UKESM maps, with variable for experiment, ensemble member and warming rate\n",
    "\n",
    "def make_ds(path, drop=False):\n",
    "    ds_list = []\n",
    "    paths = glob.glob(path)\n",
    "    if drop:\n",
    "        paths = [x for x in paths if base_scen not in x ]\n",
    "    for file_path in paths:\n",
    "        ds = rename_cmip6(xr.open_dataset(file_path))        \n",
    "        exp = file_path.split('_')[3]\n",
    "        ds['Experiment'] = exp\n",
    "        ds['Exp_Ens'] = exp+str(ds.Ensemble_member.values)\n",
    "        R = (windows_df[windows_df['Scenario']==exp][windows_df['Ensemble_member']==str(ds.Ensemble_member.values)]['T_gradient']).values[0]\n",
    "        ds['R'] = R\n",
    "        ds_list.append(ds)\n",
    "    DS = xr.concat(ds_list, dim='Exp_Ens')\n",
    "    return DS\n",
    "\n",
    "DS_all = make_ds('int_outs_ssps/UKESM1-0-LL_*_{v}/UKESM1-0-LL_*_{v}.nc'.format(v=var))\n",
    "DS_base = make_ds('int_outs_ssps/UKESM1-0-LL_{s}_{v}/UKESM1-0-LL_*_{v}.nc'.format(s=base_scen, v=var)).mean(dim='Exp_Ens')\n",
    "DS_trans = make_ds('int_outs_ssps/UKESM1-0-LL_*_{v}/UKESM1-0-LL_*_{v}.nc'.format(v=var), drop=True)\n",
    "\n",
    "DS_trans_anom = DS_trans.copy()\n",
    "DS_trans_anom[var] = DS_trans[var]-DS_base[var]"
   ]
  },
  {
   "cell_type": "code",
   "execution_count": 47,
   "id": "7d3434e2-bc50-4743-bdc6-e9ffb287fd2e",
   "metadata": {},
   "outputs": [
    {
     "data": {
      "text/plain": [
       "15"
      ]
     },
     "execution_count": 47,
     "metadata": {},
     "output_type": "execute_result"
    }
   ],
   "source": [
    "len(DS_trans_anom.Exp_Ens)"
   ]
  },
  {
   "cell_type": "code",
   "execution_count": 50,
   "id": "7407e43e-e579-4965-bf92-181335551423",
   "metadata": {},
   "outputs": [
    {
     "data": {
      "text/html": [
       "<div>\n",
       "<style scoped>\n",
       "    .dataframe tbody tr th:only-of-type {\n",
       "        vertical-align: middle;\n",
       "    }\n",
       "\n",
       "    .dataframe tbody tr th {\n",
       "        vertical-align: top;\n",
       "    }\n",
       "\n",
       "    .dataframe thead th {\n",
       "        text-align: right;\n",
       "    }\n",
       "</style>\n",
       "<table border=\"1\" class=\"dataframe\">\n",
       "  <thead>\n",
       "    <tr style=\"text-align: right;\">\n",
       "      <th></th>\n",
       "      <th>0</th>\n",
       "      <th>1</th>\n",
       "      <th>2</th>\n",
       "      <th>3</th>\n",
       "      <th>4</th>\n",
       "      <th>5</th>\n",
       "      <th>6</th>\n",
       "      <th>7</th>\n",
       "      <th>8</th>\n",
       "      <th>9</th>\n",
       "      <th>10</th>\n",
       "      <th>11</th>\n",
       "      <th>12</th>\n",
       "      <th>13</th>\n",
       "      <th>14</th>\n",
       "    </tr>\n",
       "  </thead>\n",
       "  <tbody>\n",
       "    <tr>\n",
       "      <th>0</th>\n",
       "      <td>1.0</td>\n",
       "      <td>0.69366</td>\n",
       "      <td>0.94471</td>\n",
       "      <td>0.94246</td>\n",
       "      <td>0.89172</td>\n",
       "      <td>0.95021</td>\n",
       "      <td>0.86908</td>\n",
       "      <td>0.94863</td>\n",
       "      <td>0.94941</td>\n",
       "      <td>0.95207</td>\n",
       "      <td>0.94755</td>\n",
       "      <td>0.90386</td>\n",
       "      <td>0.93811</td>\n",
       "      <td>0.90906</td>\n",
       "      <td>0.93905</td>\n",
       "    </tr>\n",
       "    <tr>\n",
       "      <th>1</th>\n",
       "      <td>0.69366</td>\n",
       "      <td>1.0</td>\n",
       "      <td>0.72479</td>\n",
       "      <td>0.73079</td>\n",
       "      <td>0.64594</td>\n",
       "      <td>0.75753</td>\n",
       "      <td>0.81852</td>\n",
       "      <td>0.75629</td>\n",
       "      <td>0.72631</td>\n",
       "      <td>0.74546</td>\n",
       "      <td>0.79568</td>\n",
       "      <td>0.83186</td>\n",
       "      <td>0.74855</td>\n",
       "      <td>0.78902</td>\n",
       "      <td>0.75176</td>\n",
       "    </tr>\n",
       "    <tr>\n",
       "      <th>2</th>\n",
       "      <td>0.94471</td>\n",
       "      <td>0.72479</td>\n",
       "      <td>1.0</td>\n",
       "      <td>0.96201</td>\n",
       "      <td>0.86885</td>\n",
       "      <td>0.93521</td>\n",
       "      <td>0.87206</td>\n",
       "      <td>0.95956</td>\n",
       "      <td>0.95283</td>\n",
       "      <td>0.95449</td>\n",
       "      <td>0.94308</td>\n",
       "      <td>0.90389</td>\n",
       "      <td>0.93590</td>\n",
       "      <td>0.90522</td>\n",
       "      <td>0.94591</td>\n",
       "    </tr>\n",
       "    <tr>\n",
       "      <th>3</th>\n",
       "      <td>0.94246</td>\n",
       "      <td>0.73079</td>\n",
       "      <td>0.96201</td>\n",
       "      <td>1.0</td>\n",
       "      <td>0.90145</td>\n",
       "      <td>0.93582</td>\n",
       "      <td>0.89244</td>\n",
       "      <td>0.94731</td>\n",
       "      <td>0.95724</td>\n",
       "      <td>0.94249</td>\n",
       "      <td>0.93579</td>\n",
       "      <td>0.88385</td>\n",
       "      <td>0.95545</td>\n",
       "      <td>0.88191</td>\n",
       "      <td>0.95973</td>\n",
       "    </tr>\n",
       "    <tr>\n",
       "      <th>4</th>\n",
       "      <td>0.89172</td>\n",
       "      <td>0.64594</td>\n",
       "      <td>0.86885</td>\n",
       "      <td>0.90145</td>\n",
       "      <td>1.0</td>\n",
       "      <td>0.8943</td>\n",
       "      <td>0.88707</td>\n",
       "      <td>0.88760</td>\n",
       "      <td>0.84289</td>\n",
       "      <td>0.87168</td>\n",
       "      <td>0.89047</td>\n",
       "      <td>0.83135</td>\n",
       "      <td>0.91128</td>\n",
       "      <td>0.77169</td>\n",
       "      <td>0.87896</td>\n",
       "    </tr>\n",
       "    <tr>\n",
       "      <th>5</th>\n",
       "      <td>0.95021</td>\n",
       "      <td>0.75753</td>\n",
       "      <td>0.93521</td>\n",
       "      <td>0.93582</td>\n",
       "      <td>0.8943</td>\n",
       "      <td>1.0</td>\n",
       "      <td>0.90203</td>\n",
       "      <td>0.94940</td>\n",
       "      <td>0.93277</td>\n",
       "      <td>0.94640</td>\n",
       "      <td>0.94718</td>\n",
       "      <td>0.92600</td>\n",
       "      <td>0.94597</td>\n",
       "      <td>0.92048</td>\n",
       "      <td>0.93521</td>\n",
       "    </tr>\n",
       "    <tr>\n",
       "      <th>6</th>\n",
       "      <td>0.86908</td>\n",
       "      <td>0.81852</td>\n",
       "      <td>0.87206</td>\n",
       "      <td>0.89244</td>\n",
       "      <td>0.88707</td>\n",
       "      <td>0.90203</td>\n",
       "      <td>1.0</td>\n",
       "      <td>0.92750</td>\n",
       "      <td>0.86940</td>\n",
       "      <td>0.87195</td>\n",
       "      <td>0.90182</td>\n",
       "      <td>0.90470</td>\n",
       "      <td>0.93647</td>\n",
       "      <td>0.85426</td>\n",
       "      <td>0.88446</td>\n",
       "    </tr>\n",
       "    <tr>\n",
       "      <th>7</th>\n",
       "      <td>0.94863</td>\n",
       "      <td>0.75629</td>\n",
       "      <td>0.95956</td>\n",
       "      <td>0.94731</td>\n",
       "      <td>0.8876</td>\n",
       "      <td>0.9494</td>\n",
       "      <td>0.9275</td>\n",
       "      <td>1.00000</td>\n",
       "      <td>0.94965</td>\n",
       "      <td>0.95599</td>\n",
       "      <td>0.94565</td>\n",
       "      <td>0.91711</td>\n",
       "      <td>0.95351</td>\n",
       "      <td>0.90725</td>\n",
       "      <td>0.94601</td>\n",
       "    </tr>\n",
       "    <tr>\n",
       "      <th>8</th>\n",
       "      <td>0.94941</td>\n",
       "      <td>0.72631</td>\n",
       "      <td>0.95283</td>\n",
       "      <td>0.95724</td>\n",
       "      <td>0.84289</td>\n",
       "      <td>0.93277</td>\n",
       "      <td>0.8694</td>\n",
       "      <td>0.94965</td>\n",
       "      <td>1.00000</td>\n",
       "      <td>0.94389</td>\n",
       "      <td>0.92692</td>\n",
       "      <td>0.89637</td>\n",
       "      <td>0.93319</td>\n",
       "      <td>0.91597</td>\n",
       "      <td>0.95283</td>\n",
       "    </tr>\n",
       "    <tr>\n",
       "      <th>9</th>\n",
       "      <td>0.95207</td>\n",
       "      <td>0.74546</td>\n",
       "      <td>0.95449</td>\n",
       "      <td>0.94249</td>\n",
       "      <td>0.87168</td>\n",
       "      <td>0.9464</td>\n",
       "      <td>0.87195</td>\n",
       "      <td>0.95599</td>\n",
       "      <td>0.94389</td>\n",
       "      <td>1.00000</td>\n",
       "      <td>0.94265</td>\n",
       "      <td>0.90132</td>\n",
       "      <td>0.93731</td>\n",
       "      <td>0.92036</td>\n",
       "      <td>0.93803</td>\n",
       "    </tr>\n",
       "    <tr>\n",
       "      <th>10</th>\n",
       "      <td>0.94755</td>\n",
       "      <td>0.79568</td>\n",
       "      <td>0.94308</td>\n",
       "      <td>0.93579</td>\n",
       "      <td>0.89047</td>\n",
       "      <td>0.94718</td>\n",
       "      <td>0.90182</td>\n",
       "      <td>0.94565</td>\n",
       "      <td>0.92692</td>\n",
       "      <td>0.94265</td>\n",
       "      <td>1.00000</td>\n",
       "      <td>0.94024</td>\n",
       "      <td>0.94922</td>\n",
       "      <td>0.92201</td>\n",
       "      <td>0.93453</td>\n",
       "    </tr>\n",
       "    <tr>\n",
       "      <th>11</th>\n",
       "      <td>0.90386</td>\n",
       "      <td>0.83186</td>\n",
       "      <td>0.90389</td>\n",
       "      <td>0.88385</td>\n",
       "      <td>0.83135</td>\n",
       "      <td>0.926</td>\n",
       "      <td>0.9047</td>\n",
       "      <td>0.91711</td>\n",
       "      <td>0.89637</td>\n",
       "      <td>0.90132</td>\n",
       "      <td>0.94024</td>\n",
       "      <td>1.00000</td>\n",
       "      <td>0.91959</td>\n",
       "      <td>0.92324</td>\n",
       "      <td>0.91295</td>\n",
       "    </tr>\n",
       "    <tr>\n",
       "      <th>12</th>\n",
       "      <td>0.93811</td>\n",
       "      <td>0.74855</td>\n",
       "      <td>0.9359</td>\n",
       "      <td>0.95545</td>\n",
       "      <td>0.91128</td>\n",
       "      <td>0.94597</td>\n",
       "      <td>0.93647</td>\n",
       "      <td>0.95351</td>\n",
       "      <td>0.93319</td>\n",
       "      <td>0.93731</td>\n",
       "      <td>0.94922</td>\n",
       "      <td>0.91959</td>\n",
       "      <td>1.00000</td>\n",
       "      <td>0.91318</td>\n",
       "      <td>0.94179</td>\n",
       "    </tr>\n",
       "    <tr>\n",
       "      <th>13</th>\n",
       "      <td>0.90906</td>\n",
       "      <td>0.78902</td>\n",
       "      <td>0.90522</td>\n",
       "      <td>0.88191</td>\n",
       "      <td>0.77169</td>\n",
       "      <td>0.92048</td>\n",
       "      <td>0.85426</td>\n",
       "      <td>0.90725</td>\n",
       "      <td>0.91597</td>\n",
       "      <td>0.92036</td>\n",
       "      <td>0.92201</td>\n",
       "      <td>0.92324</td>\n",
       "      <td>0.91318</td>\n",
       "      <td>1.00000</td>\n",
       "      <td>0.89708</td>\n",
       "    </tr>\n",
       "    <tr>\n",
       "      <th>14</th>\n",
       "      <td>0.93905</td>\n",
       "      <td>0.75176</td>\n",
       "      <td>0.94591</td>\n",
       "      <td>0.95973</td>\n",
       "      <td>0.87896</td>\n",
       "      <td>0.93521</td>\n",
       "      <td>0.88446</td>\n",
       "      <td>0.94601</td>\n",
       "      <td>0.95283</td>\n",
       "      <td>0.93803</td>\n",
       "      <td>0.93453</td>\n",
       "      <td>0.91295</td>\n",
       "      <td>0.94179</td>\n",
       "      <td>0.89708</td>\n",
       "      <td>1.00000</td>\n",
       "    </tr>\n",
       "  </tbody>\n",
       "</table>\n",
       "</div>"
      ],
      "text/plain": [
       "         0        1        2        3        4        5        6        7   \\\n",
       "0       1.0  0.69366  0.94471  0.94246  0.89172  0.95021  0.86908  0.94863   \n",
       "1   0.69366      1.0  0.72479  0.73079  0.64594  0.75753  0.81852  0.75629   \n",
       "2   0.94471  0.72479      1.0  0.96201  0.86885  0.93521  0.87206  0.95956   \n",
       "3   0.94246  0.73079  0.96201      1.0  0.90145  0.93582  0.89244  0.94731   \n",
       "4   0.89172  0.64594  0.86885  0.90145      1.0   0.8943  0.88707  0.88760   \n",
       "5   0.95021  0.75753  0.93521  0.93582   0.8943      1.0  0.90203  0.94940   \n",
       "6   0.86908  0.81852  0.87206  0.89244  0.88707  0.90203      1.0  0.92750   \n",
       "7   0.94863  0.75629  0.95956  0.94731   0.8876   0.9494   0.9275  1.00000   \n",
       "8   0.94941  0.72631  0.95283  0.95724  0.84289  0.93277   0.8694  0.94965   \n",
       "9   0.95207  0.74546  0.95449  0.94249  0.87168   0.9464  0.87195  0.95599   \n",
       "10  0.94755  0.79568  0.94308  0.93579  0.89047  0.94718  0.90182  0.94565   \n",
       "11  0.90386  0.83186  0.90389  0.88385  0.83135    0.926   0.9047  0.91711   \n",
       "12  0.93811  0.74855   0.9359  0.95545  0.91128  0.94597  0.93647  0.95351   \n",
       "13  0.90906  0.78902  0.90522  0.88191  0.77169  0.92048  0.85426  0.90725   \n",
       "14  0.93905  0.75176  0.94591  0.95973  0.87896  0.93521  0.88446  0.94601   \n",
       "\n",
       "         8        9        10       11       12       13       14  \n",
       "0   0.94941  0.95207  0.94755  0.90386  0.93811  0.90906  0.93905  \n",
       "1   0.72631  0.74546  0.79568  0.83186  0.74855  0.78902  0.75176  \n",
       "2   0.95283  0.95449  0.94308  0.90389  0.93590  0.90522  0.94591  \n",
       "3   0.95724  0.94249  0.93579  0.88385  0.95545  0.88191  0.95973  \n",
       "4   0.84289  0.87168  0.89047  0.83135  0.91128  0.77169  0.87896  \n",
       "5   0.93277  0.94640  0.94718  0.92600  0.94597  0.92048  0.93521  \n",
       "6   0.86940  0.87195  0.90182  0.90470  0.93647  0.85426  0.88446  \n",
       "7   0.94965  0.95599  0.94565  0.91711  0.95351  0.90725  0.94601  \n",
       "8   1.00000  0.94389  0.92692  0.89637  0.93319  0.91597  0.95283  \n",
       "9   0.94389  1.00000  0.94265  0.90132  0.93731  0.92036  0.93803  \n",
       "10  0.92692  0.94265  1.00000  0.94024  0.94922  0.92201  0.93453  \n",
       "11  0.89637  0.90132  0.94024  1.00000  0.91959  0.92324  0.91295  \n",
       "12  0.93319  0.93731  0.94922  0.91959  1.00000  0.91318  0.94179  \n",
       "13  0.91597  0.92036  0.92201  0.92324  0.91318  1.00000  0.89708  \n",
       "14  0.95283  0.93803  0.93453  0.91295  0.94179  0.89708  1.00000  "
      ]
     },
     "execution_count": 50,
     "metadata": {},
     "output_type": "execute_result"
    }
   ],
   "source": [
    "\n",
    "def calculate_correlation(datasets):\n",
    "    correlations = pd.DataFrame(index=range(len(datasets)), columns=range(len(datasets)))\n",
    "    \n",
    "    for i in range(len(datasets.Exp_Ens)):\n",
    "        for j in range(len(datasets.Exp_Ens)):\n",
    "            corr_value = np.round(xr.corr(datasets[var].isel(Exp_Ens=i), \n",
    "                                 datasets[var].isel(Exp_Ens=j), \n",
    "                                 dim=['x', 'y']).compute().values, 5)\n",
    "            correlations.loc[i, j] = corr_value\n",
    "            correlations.loc[j, i] = corr_value\n",
    "    \n",
    "    return correlations\n",
    "correlation_table = calculate_correlation(DS_trans_anom)\n",
    "\n",
    "\"\"\" Spatial correlations between all maps of anomaly\n",
    "    relative to SSP126 at the same temperature. High \n",
    "    correlations indicate that my defining a map of \n",
    "    d(var)/d(R) is reasonable \"\"\"\n",
    "\n",
    "correlation_table"
   ]
  },
  {
   "cell_type": "code",
   "execution_count": 43,
   "id": "365c10a7-ed3b-4860-be24-442e476d52d4",
   "metadata": {},
   "outputs": [
    {
     "data": {
      "text/plain": [
       "range(0, 7)"
      ]
     },
     "execution_count": 43,
     "metadata": {},
     "output_type": "execute_result"
    }
   ],
   "source": [
    "range(len(DS_trans_anom))"
   ]
  },
  {
   "cell_type": "code",
   "execution_count": 6,
   "id": "dcd62f61-675f-42cc-9181-57d855b23409",
   "metadata": {},
   "outputs": [
    {
     "data": {
      "text/plain": [
       "Text(0.5, 1.0, 'd(tas)/d(R), [°C]/[°C per decade]')"
      ]
     },
     "execution_count": 6,
     "metadata": {},
     "output_type": "execute_result"
    },
    {
     "data": {
